mass_A
t x y v
0.000 0.000 0.425 0
0.033 0.000 0.425 0.009
0.067 0.000 0.425 0.006
0.101 0.000 0.425 0.011
0.134 0.000 0.425 0.002
0.168 0.000 0.425 0.020
0.201 0.001 0.424 0.079
0.234 0.005 0.424 0.138
0.268 0.010 0.422 0.208
0.301 0.018 0.418 0.309
0.334 0.028 0.411 0.370
0.368 0.040 0.407 0.409
0.401 0.054 0.403 0.491
0.435 0.072 0.398 0.558
0.469 0.090 0.393 0.607
0.502 0.111 0.387 0.678
0.535 0.134 0.380 0.749
0.569 0.159 0.373 0.827
0.602 0.187 0.366 0.894
0.635 0.216 0.358 0.943
0.669 0.248 0.349 1.001
0.702 0.282 0.344 1.066
0.736 0.318 0.336 1.111
0.769 0.356 0.331 1.155
0.803 0.395 0.324 1.191
0.836 0.434 0.316 1.225
0.869 0.475 0.311 1.253
0.903 0.516 0.303 1.297
0.936 0.561 0.298 1.345
0.969 0.605 0.292 1.385
1.003 0.651 0.279 1.446
1.036 0.699 0.268 1.494
1.070 0.749 0.257 1.528
1.104 0.801 0.253 1.563
1.137 0.854 0.252 1.555
1.170 0.904 0.260 1.511
1.204 0.953 0.270 1.457
1.237 0.998 0.284 1.399
1.271 1.044 0.290 1.358
1.304 1.088 0.298 1.320
1.337 1.131 0.302 1.304
1.370 1.175 0.302 1.302
1.404 1.218 0.300 1.327
1.438 1.263 0.287 1.398
1.471 1.308 0.274 1.466
1.505 1.356 0.257 1.565
1.538 1.405 0.234 1.666