Kule
t	x	y	v
0.000	−0.028	0.369	
0.033	−0.025	0.367	0.107
0.067	−0.021	0.366	0.133
0.100	−0.017	0.363	0.177
0.133	−0.010	0.365	0.235
0.167	−0.001	0.363	0.306
0.200	0.010	0.360	0.384
0.234	0.023	0.355	0.464
0.268	0.040	0.350	0.537
0.301	0.057	0.342	0.623
0.334	0.078	0.334	0.675
0.368	0.100	0.330	0.714
0.401	0.125	0.323	0.811
0.434	0.152	0.313	0.900
0.467	0.180	0.300	0.911
0.501	0.210	0.296	0.963
0.534	0.243	0.287	1.017
0.568	0.277	0.282	1.133
0.602	0.319	0.277	1.144
0.635	0.353	0.271	1.103
0.668	0.391	0.262	1.201
0.702	0.431	0.255	1.214
0.735	0.471	0.251	1.234
0.768	0.513	0.245	1.302
0.802	0.557	0.237	1.348
0.835	0.600	0.225	1.386
0.869	0.646	0.214	1.439
0.902	0.695	0.203	1.480
0.936	0.745	0.199	1.515
0.969	0.796	0.199	1.502
1.003	0.845	0.206	1.453
1.036	0.892	0.215	1.414
1.069	0.936	0.229	1.386
1.103	0.982	0.237	1.313
1.136	1.023	0.242	1.256
1.169	1.065	0.244	1.254
1.203	1.107	0.245	1.238
1.237	1.148	0.244	1.280
1.270	1.192	0.231	1.360
1.304	1.236	0.219	1.420
1.337	1.282	0.201	1.523
1.370	1.329	0.179	1.611
1.404	1.379	0.155	
